# Created by Octave 4.2.2, Wed Jan 29 12:03:48 2020 CET <stefanv@eslt0095l>
# name: data_origin
# type: matrix
# rows: 1
# columns: 2
 35.29 87.48999999999999


# name: forcing
# type: scalar struct
# ndims: 2
 1 1
# length: 5
# name: precip
# type: matrix
# rows: 1461
# columns: 1
 17.16
 0
 3.4
 0
 0
 10.38
 0
 12.65
 4.87
 0
 26.62
 54.87
 34.11
 25.78
 29.85
 0
 0
 0
 0
 0
 0
 0
 0
 0
 0
 0
 14.61
 0
 10.51
 13.65
 0
 0
 0
 9.49
 6.66
 6.36
 5.45
 5.88
 0
 0
 0
 0
 0
 6.67
 33.37
 28.53
 10.89
 14.29
 20.92
 2
 18.12
 54.01
 2.53
 16.1
 0
 0
 0
 21.17
 13.86
 0
 0
 0
 0
 74.88
 23.9
 0
 0
 0
 0
 0
 0
 0
 0
 0
 0
 0
 2.59
 0.72
 13.87
 17.77
 0
 0
 1.06
 0
 0
 0
 0
 18.78
 7.57
 17.67
 0
 0
 26.7
 47.32
 16.71
 6.22
 14.15
 5.84
 0.5
 0
 0
 0
 0
 0
 5.41
 0
 0
 0
 6.86
 0
 0
 0
 0
 0
 0
 0
 0
 0
 0
 0
 8.369999999999999
 0
 0
 0
 18.71
 14.3
 0
 0
 6.26
 8.19
 0
 0
 0
 0.01
 11.56
 0
 0
 0
 0
 41.41
 18.35
 2.42
 4.5
 0
 0
 0
 25.24
 0
 0
 0
 0
 0
 14.55
 0
 0
 4.52
 5.38
 0
 0
 13.09
 0
 0
 13.95
 30.77
 19.12
 43.03
 2.66
 0
 0
 14.3
 5.2
 13.29
 6.64
 0
 0
 0
 0
 0
 16.03
 16.74
 8.42
 10.3
 33.39
 11.43
 16.46
 0
 5.02
 0
 35.84
 0
 0
 19.46
 12.21
 2.92
 0
 0
 5.05
 8.23
 0
 14.52
 5.57
 0
 0
 0
 9.390000000000001
 11.95
 0
 0
 0
 0
 0
 16.31
 5.37
 6.37
 0
 0
 0
 0
 0
 0
 0
 0
 0
 0
 0
 0
 0
 0
 0
 2.3
 0
 0
 0
 0
 0
 0
 3.56
 6.61
 2.34
 0
 0
 0
 43.07
 0
 14.82
 0
 0
 0
 0
 0
 0
 0
 1.55
 4.6
 0
 0
 18.76
 5.77
 11.59
 0
 0
 0
 0
 0
 2.39
 16.12
 0
 17.96
 6.93
 0
 0
 11.96
 44.44
 33.07
 10.77
 0
 0
 0
 0
 0
 0
 0
 0
 0
 0
 0
 0
 0
 0
 44.72
 3.19
 4.71
 2.91
 0
 0
 0
 0
 0
 0
 0
 0
 0
 0
 5.11
 0
 0
 0
 0
 0
 22.54
 6.56
 23.2
 0.15
 0
 0
 0
 0
 20.71
 23.56
 19.93
 0
 0
 0
 0
 0
 14.25
 23.1
 0
 0
 0
 1.24
 0
 0
 0
 0
 0
 0
 0
 0
 0
 0
 8.029999999999999
 9.27
 0
 0.78
 4.01
 0
 0
 0
 0
 0.01
 0
 8.91
 0
 0
 0
 0
 0
 0
 0
 0
 0
 0
 19.22
 43.01
 0
 0
 0
 23.41
 0
 0.35
 0
 7.74
 0
 0
 0
 0
 0
 0
 0
 0
 0
 14.41
 3.31
 18.79
 4.7
 0
 0
 0
 6.26
 0
 0
 0
 28.46
 0
 0
 0
 18.76
 51.52
 43.54
 0
 0
 1.12
 0
 0
 45.53
 0
 0
 0
 0
 10.29
 17.07
 0
 0
 0.01
 0
 0
 6.08
 0
 0
 0
 0
 0
 0
 6.6
 17.46
 10.56
 0
 0
 0
 0
 24.29
 21.21
 11.97
 0
 0
 0
 0
 24.31
 30.54
 3.65
 0
 0
 0
 0
 0
 0
 0
 0.29
 0
 0
 0
 3.1
 6.48
 5.66
 0
 2.99
 0
 0
 0
 14.8
 0.76
 0
 0
 8.74
 12.03
 0
 0
 0
 1.5
 0
 7.36
 3.94
 0
 0
 41.28
 16.3
 0
 0
 0
 0
 0
 17.36
 5.86
 0
 0
 15.84
 19.02
 11.47
 20.76
 0
 0
 0
 2.73
 5.02
 0
 0
 13.62
 0
 0
 0
 18.62
 0
 0
 27.73
 21.2
 15.18
 0
 0
 0
 0
 3.81
 3.58
 0
 0
 0
 0
 0
 36.98
 0
 0
 0
 0
 0
 0
 0
 0
 0
 0
 0.33
 9.42
 0
 0
 0
 0.04
 0
 31.88
 14.51
 0
 0
 0
 0
 0
 0
 0
 0
 0
 0
 0
 0
 0
 0
 0
 0.78
 0
 0
 6.11
 63.52
 10.19
 1.55
 0
 0
 0
 0
 0
 0
 0
 0.13
 10.91
 0
 0
 0
 0
 0
 0
 0
 0
 0
 0
 0
 0
 8.07
 3.55
 0
 0
 0
 0
 0
 0
 0
 0
 0
 0
 0
 0
 0
 0
 2.26
 0
 0
 0
 0
 0
 0
 0
 0
 0
 0
 0
 0
 0
 0
 0
 0
 0
 13.24
 4.65
 10.92
 5.78
 7.73
 11.49
 0
 14.11
 0
 0
 0
 0
 0
 0
 12.81
 0
 0
 0
 0
 0
 0
 0
 0
 0
 0
 0
 37.56
 0.06
 0
 0
 16.9
 11.68
 4.66
 0
 0
 0
 0
 0
 0
 0
 17.47
 0
 0
 0
 22.26
 6.83
 0
 0.44
 0
 0
 0
 0
 0
 0
 0
 0
 0
 0
 10.33
 1.65
 0
 0
 31.11
 39.25
 0
 0
 0
 0
 0
 0
 0.87
 0
 0
 0
 0
 3.69
 8.539999999999999
 0
 0
 0
 0.83
 28.12
 0
 0
 0
 0.27
 56.42
 0.13
 0
 0
 0
 0
 0
 0
 0
 0
 0
 9.34
 0.74
 7.94
 15.62
 27.2
 20.74
 0.08
 30.85
 53.26
 16.38
 2.35
 0
 0
 18.19
 14.62
 7.88
 20.01
 24.22
 0
 0
 0
 0
 0
 6.03
 26.13
 0
 0
 7.19
 13.15
 3.46
 0
 0
 0
 3.53
 0
 0
 0
 0.64
 0
 0
 0
 0
 0
 0
 0
 0.74
 0
 4.15
 0
 0
 0
 0
 0
 11.01
 14.2
 0
 0
 0
 0
 0
 0
 24.56
 19.15
 0.05
 0
 24.56
 76.98999999999999
 66.97
 10.31
 0
 0.02
 0
 0
 0
 0
 0
 0
 3.35
 5.4
 7.08
 0
 0
 0
 0
 0
 0
 0
 0
 1.4
 8.81
 0
 0
 0
 3.74
 11.24
 0
 0
 0
 15.06
 39.7
 0
 0
 0
 0
 12.39
 41.26
 11.7
 0
 0
 0
 0
 0.85
 6.64
 0
 0
 10.35
 5.11
 3.97
 0
 13.62
 10.71
 41.18
 31.64
 0
 0
 0
 13.96
 2.64
 0
 0
 0
 0
 0
 0
 1.44
 23.15
 38.93
 0
 0
 0
 0
 8.43
 24.51
 16
 0
 0
 11.3
 7.49
 28.39
 14.54
 26.89
 17.5
 0
 0
 0
 22.7
 18.73
 5.59
 0
 0
 0
 0
 0
 97.43000000000001
 100.35
 13.92
 10
 0
 0
 0
 19.8
 0
 6.85
 21.99
 0
 0
 0
 0
 0
 7.27
 3.65
 1.52
 11.14
 0
 9.640000000000001
 0
 0
 0
 0
 14.07
 27.71
 12.93
 20.71
 5.4
 0
 0
 0
 0
 0
 0
 0
 4.04
 2.37
 0
 0
 0
 0
 18.72
 0
 8.18
 0
 5.2
 0
 0
 0
 1.32
 0
 12.57
 0
 0
 0
 0
 1.3
 24.8
 1.24
 1.13
 0
 0
 0
 0
 0
 0
 0
 0
 7.87
 0
 0
 4.52
 7.86
 32.68
 0
 0
 0
 0
 0
 0
 0
 10.31
 0
 0
 0
 0
 0
 0
 0
 4.41
 4.25
 0
 18.05
 30.31
 0
 0
 0
 0
 0
 0
 0
 0
 0
 5.92
 3.16
 0
 0
 0
 0
 0
 0
 0
 7.41
 6.54
 0
 0
 0
 0
 11.3
 23.25
 0
 0
 0
 0
 0
 0
 0
 0
 0
 10.33
 15.32
 0
 0
 0
 0.1
 3.6
 0
 0
 0
 13.88
 0
 0
 0
 0
 0
 0
 0
 17.26
 30.87
 23.38
 0.51
 3.32
 3.87
 0
 0
 0
 11.08
 0
 0
 0
 0
 0
 0
 0
 0
 0
 0
 0
 0
 0
 0
 0
 0
 0
 0.11
 27.19
 5.24
 11.37
 0
 0
 0
 0
 0
 0
 0
 31.68
 95.55
 55.45
 53.65
 0
 0
 0
 0
 0
 33.92
 16.62
 0
 0
 32.7
 14.59
 0
 0
 0
 0
 0
 0
 5.35
 4.23
 15.46
 10.36
 0
 0
 0
 8.630000000000001
 3
 0
 0
 0
 4.46
 9.619999999999999
 0
 0
 0
 0
 1.97
 11.41
 0
 0
 14.81
 9.44
 18.65
 0
 0
 0
 0
 0
 0
 0
 0
 9.390000000000001
 0
 0
 0
 0
 0
 0
 0
 0
 0
 0
 0
 0
 0
 0
 0
 0
 0
 0
 0
 1.12
 3.09
 5.46
 13.19
 0
 21.54
 10.27
 0
 0
 0
 0
 28.18
 15.7
 2.68
 22.13
 0
 0
 0
 0
 0
 0
 0
 0
 0
 0
 0
 0
 70.25
 2.89
 0
 0
 0
 0
 0
 0
 19.31
 15.32
 0
 0
 5.23
 10.45
 0
 3.37
 2.77
 0
 0
 0
 6.5
 1.05
 0
 0
 0
 0
 0
 0
 6.27
 0
 0
 0
 0
 0
 0
 0
 0.59
 10.02
 0
 0
 2.01
 15.5
 13.66
 0
 0
 0
 0
 0
 0
 0.45
 0
 0.15
 0
 0
 0
 0
 0
 0
 0
 0
 0
 0
 0
 0
 38.69
 0
 0
 0
 0
 0
 0.26
 16.07
 5.79
 0
 0
 0
 0
 0
 0
 0
 14.4
 14.08
 0
 0
 0
 17.28
 44.26
 9.960000000000001
 0
 22.38
 0
 10.73
 0
 3.69
 20.73
 0
 0
 0
 0
 0
 0
 29
 0
 0
 0
 0
 0
 0
 26.48
 12.68
 0
 0
 0
 6.39
 1.04
 28.55
 4.37
 19.82
 11.5
 0
 0
 0
 0
 0
 0
 0
 0
 6.61
 4.81
 10.68
 0
 0
 0
 0
 9.94
 2.54
 1.33
 0
 0
 0
 1.18
 0
 0
 8.9
 6.1
 0
 0
 0
 0
 2.11
 2.46
 0
 0
 3.13
 0
 0
 0
 2.21
 2.46
 0
 0
 0
 0
 0
 0
 0
 0
 20.36
 5.74
 0
 5.26
 58.95
 0
 0
 0
 0
 0
 50.47
 33.86
 0
 0
 0
 0
 0
 0
 0
 0
 0
 0
 0
 0
 0
 46.88
 0.02
 0
 3.66
 45.38
 12.84
 0
 0
 14.09
 0
 0
 0
 0
 0
 0
 0
 3.53
 0.92
 0
 0
 0
 0
 0
 0
 0
 0
 0
 0
 14.26
 9.69
 0
 0
 0
 0
 0
 0
 0
 0
 0
 11.2
 0
 0
 6.08
 9.43
 8.199999999999999
 15.04
 0
 11.14
 11.44
 0
 0
 0
 0
 0
 1.26
 22.58
 0
 0
 0
 0
 0
 0
 0
 0
 25.61
 34.65
 0
 10.78
 14.68
 0
 0
 0
 0
 0
 0
 0
 0
 11.53
 0.45
 0
 4.81
 0
 0
 9.73
 0.45
 0
 0
 0
 0
 5.68
 3.18
 0
 0
 25.2
 0
 10.62
 23.2
 4.14
 0
 5.88
 2.84
 4.07
 0
 0
 0


